2016-10-21 14:24:56 -0700
14:24:56:0.031754: LittleFrame.log: I:100{A:12/12,U:1/1}
14:24:56:0.033755: LittleFrame.log: IN:{"food"=>50.0, "shelter"=>50.0, "health"=>50.0, "acquisition"=>50.0, "role"=>50.0, "audit"=>50.0, "equipment"=>50.0, "security"=>50.0, "data"=>50.0, "ojt"=>50.0, "professional"=>50.0, "formal"=>50.0}
14:24:56:0.034756: LittleFrame.log: Frame:run:An error occured; time:2016-10-21 14:24:56 -0700, tick:0.0317540168762207, EG:true
Agents:13/13,Units:2
Resource{
	food:48.0
	shelter:48.0
	health:48.0
	acquisition:50.0
	role:50.0
	audit:48.0
	equipment:48.0
	security:48.0
	data:48.0
	ojt:48.0
	professional:48.0
	formal:50.0
}
Trainers{{"service"=>[3, 0, 0], "administration"=>[3, 0, 0], "technical"=>[3, 0, 0], "training"=>[3, 0, 0]}
}
Units{
	U0:12
	U1:1
}
